colors_vals = [[9 123 19] ./ 255;
 [237 54 86] ./ 255;
 [175 90 148] ./ 255;
 [193 237 144] ./ 255;
 [181 244 45] ./ 255;
 [89 242 184] ./ 255;
 [171 130 73] ./ 255;
 [146 255 143] ./ 255;
 [89 84 114] ./ 255;
 [43 97 215] ./ 255;
 [103 244 167] ./ 255;
 [252 190 82] ./ 255;
 [149 12 22] ./ 255; 
 [177 13 41] ./ 255;
 [62 63 75] ./ 255;
 [10 224 144] ./ 255;
 [101 253 112] ./ 255;
 [69 162 116] ./ 255;
 [112 47 59] ./ 255;
 [109 255 98] ./ 255;
 [204 228 67] ./ 255;
 [82 121 1] ./ 255;
 [1 34 197] ./ 255;
 [175 248 189] ./ 255;
 [235 243 244] ./ 255;
 [23 57 68] ./ 255;
 [66 86 48] ./ 255;
 [235 255 163] ./ 255;
 [175 90 148] ./ 255;
 [244 81 85] ./ 255;
 [18 173 106] ./ 255;
 [14 247 140] ./ 255;
 [140 70 124] ./ 255;
 [203 166 51] ./ 255;
 [20 11 124] ./ 255;
 [67 4 20] ./ 255;
 [21 118 199] ./ 255;
 [163 132 86] ./ 255;
 [45 198 113] ./ 255;
 [160 12 93] ./ 255;
 [157 73 81] ./ 255;
 [178 17 54] ./ 255;
 [44 50 38] ./ 255;
 [162 41 35] ./ 255;
 [162 186 178] ./ 255;
 [249 234 243] ./ 255;
 [10 224 144] ./ 255;
 [24 221 177] ./ 255;
 [109 255 98] ./ 255;
 [52 135 75] ./ 255;
 [18 249 98] ./ 255
 ];
